
################################################################################
# Gelman-Rubin Diagnostic
################################################################################

Generally the Gelman diagnostic should be < 1.05


Out of 563 variables: 6 > 1.01

                      
0 > 1.05

                      
0 > 1.1


The worst variables are:

              Point est. Upper C.I.
ilr.fac1[4,1]   1.037421   1.048675
ilr.global      1.028425   1.038316
p.global[2]     1.023697   1.036523
p.global[1]     1.023697   1.036523
ilr.fac1[2,1]   1.023095   1.033825
ilr.fac1[1,1]   1.022733   1.023620
ilr.fac1[3,1]   1.005791   1.013035
fac1.sig        1.002965   1.010410
p.fac1[1,1]     1.002863   1.009392
p.fac1[1,2]     1.002863   1.009392


And here are the Gelman diagnostics for all variables:

              Point est. Upper C.I.
deviance       1.0000386   1.000960
fac1.sig       1.0029653   1.010410
ilr.cont1      1.0014931   1.005755
ilr.fac1[1,1]  1.0227325   1.023620
ilr.fac1[2,1]  1.0230947   1.033825
ilr.fac1[3,1]  1.0057913   1.013035
ilr.fac1[4,1]  1.0374215   1.048675
ilr.global     1.0284250   1.038316
loglik[1]      1.0002623   1.001466
loglik[10]     0.9999917   1.001154
loglik[100]    1.0011019   1.004635
loglik[101]    1.0002292   1.002074
loglik[102]    1.0003900   1.002713
loglik[103]    1.0001683   1.001781
loglik[104]    1.0003768   1.002680
loglik[105]    1.0003039   1.002265
loglik[106]    1.0002473   1.002050
loglik[107]    1.0001523   1.001680
loglik[108]    1.0001194   1.001678
loglik[109]    1.0001059   1.001598
loglik[11]     1.0000139   1.001078
loglik[110]    1.0001074   1.001596
loglik[111]    1.0002132   1.002053
loglik[112]    1.0011858   1.004854
loglik[113]    1.0012483   1.004991
loglik[114]    1.0003965   1.001931
loglik[115]    1.0011133   1.004520
loglik[116]    1.0005855   1.003143
loglik[117]    1.0002741   1.002335
loglik[118]    1.0000432   1.001383
loglik[119]    1.0005054   1.003088
loglik[12]     1.0015062   1.002531
loglik[120]    1.0000021   1.001310
loglik[121]    0.9999673   1.001134
loglik[122]    1.0001197   1.001778
loglik[123]    0.9997763   1.000442
loglik[124]    0.9998747   1.000741
loglik[125]    0.9998267   1.000610
loglik[126]    1.0012183   1.004319
loglik[127]    1.0002689   1.001686
loglik[128]    1.0004449   1.002557
loglik[129]    1.0003919   1.001608
loglik[13]     1.0003977   1.001942
loglik[130]    1.0008094   1.003982
loglik[131]    1.0000891   1.001076
loglik[132]    0.9998937   1.000763
loglik[133]    1.0005855   1.002661
loglik[134]    1.0003928   1.002113
loglik[135]    1.0011798   1.003897
loglik[136]    1.0010973   1.003997
loglik[137]    1.0003967   1.002063
loglik[138]    1.0002291   1.001594
loglik[139]    1.0010607   1.003277
loglik[14]     0.9999715   1.000772
loglik[140]    1.0003933   1.001956
loglik[141]    1.0002732   1.001759
loglik[142]    1.0002310   1.001658
loglik[143]    1.0010805   1.004146
loglik[144]    1.0006946   1.003012
loglik[145]    1.0013516   1.003233
loglik[146]    1.0004291   1.001566
loglik[147]    1.0001411   1.001178
loglik[148]    1.0000976   1.001121
loglik[149]    1.0002108   1.001618
loglik[15]     0.9998254   1.000485
loglik[150]    1.0003447   1.002014
loglik[151]    1.0004517   1.002821
loglik[152]    1.0003817   1.001448
loglik[153]    0.9999884   1.000873
loglik[154]    0.9999634   1.000857
loglik[155]    1.0001194   1.000981
loglik[156]    1.0000487   1.001314
loglik[157]    0.9998858   1.000543
loglik[158]    0.9997161   1.000202
loglik[159]    0.9997991   1.000152
loglik[16]     0.9998549   1.000583
loglik[160]    0.9999234   1.000545
loglik[161]    1.0000743   1.001610
loglik[162]    1.0005982   1.002831
loglik[163]    1.0001299   1.001597
loglik[164]    1.0004428   1.002958
loglik[165]    1.0005379   1.002951
loglik[166]    1.0002808   1.002357
loglik[167]    1.0005932   1.003207
loglik[168]    1.0000395   1.001230
loglik[169]    1.0007204   1.003545
loglik[17]     0.9999926   1.000921
loglik[170]    1.0006425   1.003341
loglik[171]    1.0002401   1.001519
loglik[172]    1.0008777   1.003335
loglik[173]    1.0008000   1.003348
loglik[174]    1.0009132   1.003662
loglik[175]    1.0016615   1.004957
loglik[176]    1.0011361   1.004377
loglik[177]    1.0009242   1.003924
loglik[178]    1.0012844   1.004734
loglik[179]    1.0008941   1.003861
loglik[18]     1.0003821   1.000992
loglik[180]    1.0008085   1.003581
loglik[181]    1.0009771   1.003927
loglik[19]     1.0005435   1.001457
loglik[2]      1.0000307   1.000927
loglik[20]     1.0021448   1.004427
loglik[21]     0.9999764   1.000251
loglik[22]     0.9999158   1.000410
loglik[23]     1.0010305   1.002619
loglik[24]     1.0019177   1.005803
loglik[25]     1.0004684   1.001024
loglik[26]     1.0019055   1.003711
loglik[27]     1.0015393   1.004470
loglik[28]     1.0016687   1.005565
loglik[29]     1.0019529   1.006368
loglik[3]      1.0003485   1.002245
loglik[30]     1.0011183   1.004422
loglik[31]     1.0025513   1.005434
loglik[32]     1.0009167   1.001276
loglik[33]     1.0002580   1.000903
loglik[34]     1.0016898   1.005738
loglik[35]     1.0015196   1.004492
loglik[36]     1.0009909   1.001487
loglik[37]     1.0001523   1.001377
loglik[38]     1.0017652   1.007116
loglik[39]     1.0015960   1.006264
loglik[4]      0.9999609   1.001078
loglik[40]     1.0018842   1.007633
loglik[41]     1.0007946   1.002537
loglik[42]     1.0006713   1.000764
loglik[43]     1.0018227   1.006693
loglik[44]     1.0013114   1.004588
loglik[45]     1.0014416   1.002333
loglik[46]     1.0020355   1.008367
loglik[47]     1.0016947   1.003175
loglik[48]     1.0018759   1.007535
loglik[49]     1.0021023   1.008770
loglik[5]      1.0003801   1.000993
loglik[50]     1.0019701   1.006882
loglik[51]     1.0019250   1.006513
loglik[52]     1.0020425   1.008700
loglik[53]     1.0023078   1.009674
loglik[54]     1.0022207   1.009270
loglik[55]     1.0020931   1.008082
loglik[56]     1.0023406   1.007501
loglik[57]     1.0009566   1.003623
loglik[58]     1.0003569   1.002538
loglik[59]     1.0011381   1.005113
loglik[6]      1.0000754   1.001468
loglik[60]     1.0009084   1.004204
loglik[61]     1.0011067   1.005287
loglik[62]     1.0004768   1.003077
loglik[63]     1.0007731   1.003136
loglik[64]     1.0006303   1.003268
loglik[65]     1.0005047   1.002601
loglik[66]     1.0003321   1.002550
loglik[67]     1.0003097   1.002146
loglik[68]     1.0009826   1.003958
loglik[69]     1.0003203   1.002226
loglik[7]      1.0002246   1.001883
loglik[70]     1.0002268   1.002027
loglik[71]     1.0010992   1.005260
loglik[72]     1.0002091   1.001671
loglik[73]     1.0003530   1.002555
loglik[74]     1.0002467   1.001835
loglik[75]     1.0003541   1.001929
loglik[76]     1.0012068   1.004303
loglik[77]     1.0007584   1.004006
loglik[78]     1.0005985   1.003487
loglik[79]     1.0002129   1.001955
loglik[8]      0.9999829   1.001160
loglik[80]     1.0010638   1.004094
loglik[81]     1.0008917   1.004558
loglik[82]     1.0011958   1.004220
loglik[83]     1.0001161   1.001309
loglik[84]     1.0001362   1.001446
loglik[85]     1.0000747   1.001407
loglik[86]     1.0001699   1.001870
loglik[87]     1.0004466   1.002555
loglik[88]     1.0012129   1.005654
loglik[89]     1.0003546   1.002409
loglik[9]      1.0000164   1.001274
loglik[90]     1.0011766   1.005130
loglik[91]     1.0003998   1.002537
loglik[92]     1.0010807   1.005156
loglik[93]     1.0001445   1.001210
loglik[94]     0.9997643   1.000377
loglik[95]     1.0009562   1.004186
loglik[96]     1.0007913   1.003722
loglik[97]     1.0001289   1.001707
loglik[98]     1.0003122   1.002128
loglik[99]     1.0001872   1.001919
p.fac1[1,1]    1.0028635   1.009392
p.fac1[1,2]    1.0028635   1.009392
p.fac1[2,1]    1.0009962   1.003785
p.fac1[2,2]    1.0009962   1.003785
p.fac1[3,1]    1.0005734   1.002311
p.fac1[3,2]    1.0005734   1.002311
p.fac1[4,1]    1.0009569   1.003963
p.fac1[4,2]    1.0009569   1.003963
p.global[1]    1.0236969   1.036523
p.global[2]    1.0236969   1.036523
p.ind[1,1]     1.0003036   1.002043
p.ind[1,2]     1.0003036   1.002043
p.ind[10,1]    1.0001814   1.001344
p.ind[10,2]    1.0001814   1.001344
p.ind[100,1]   1.0023548   1.009405
p.ind[100,2]   1.0023548   1.009405
p.ind[101,1]   1.0023527   1.009393
p.ind[101,2]   1.0023527   1.009393
p.ind[102,1]   1.0023471   1.009360
p.ind[102,2]   1.0023471   1.009360
p.ind[103,1]   1.0023448   1.009348
p.ind[103,2]   1.0023448   1.009348
p.ind[104,1]   1.0023385   1.009312
p.ind[104,2]   1.0023385   1.009312
p.ind[105,1]   1.0023376   1.009307
p.ind[105,2]   1.0023376   1.009307
p.ind[106,1]   1.0023342   1.009289
p.ind[106,2]   1.0023342   1.009289
p.ind[107,1]   1.0023213   1.009219
p.ind[107,2]   1.0023213   1.009219
p.ind[108,1]   1.0023122   1.009171
p.ind[108,2]   1.0023122   1.009171
p.ind[109,1]   1.0023122   1.009171
p.ind[109,2]   1.0023122   1.009171
p.ind[11,1]    1.0001803   1.001334
p.ind[11,2]    1.0001803   1.001334
p.ind[110,1]   1.0023111   1.009166
p.ind[110,2]   1.0023111   1.009166
p.ind[111,1]   1.0023000   1.009109
p.ind[111,2]   1.0023000   1.009109
p.ind[112,1]   1.0023000   1.009109
p.ind[112,2]   1.0023000   1.009109
p.ind[113,1]   1.0022940   1.009079
p.ind[113,2]   1.0022940   1.009079
p.ind[114,1]   1.0022879   1.009049
p.ind[114,2]   1.0022879   1.009049
p.ind[115,1]   1.0022828   1.009024
p.ind[115,2]   1.0022828   1.009024
p.ind[116,1]   1.0022789   1.009005
p.ind[116,2]   1.0022789   1.009005
p.ind[117,1]   1.0022595   1.008911
p.ind[117,2]   1.0022595   1.008911
p.ind[118,1]   1.0022595   1.008911
p.ind[118,2]   1.0022595   1.008911
p.ind[119,1]   1.0022580   1.008904
p.ind[119,2]   1.0022580   1.008904
p.ind[12,1]    1.0001770   1.001306
p.ind[12,2]    1.0001770   1.001306
p.ind[120,1]   1.0022505   1.008869
p.ind[120,2]   1.0022505   1.008869
p.ind[121,1]   1.0022216   1.008735
p.ind[121,2]   1.0022216   1.008735
p.ind[122,1]   1.0022130   1.008696
p.ind[122,2]   1.0022130   1.008696
p.ind[123,1]   1.0022023   1.008648
p.ind[123,2]   1.0022023   1.008648
p.ind[124,1]   1.0021912   1.008599
p.ind[124,2]   1.0021912   1.008599
p.ind[125,1]   1.0021639   1.008479
p.ind[125,2]   1.0021639   1.008479
p.ind[126,1]   1.0021619   1.008470
p.ind[126,2]   1.0021619   1.008470
p.ind[127,1]   1.0021453   1.008399
p.ind[127,2]   1.0021453   1.008399
p.ind[128,1]   1.0021411   1.008380
p.ind[128,2]   1.0021411   1.008380
p.ind[129,1]   1.0021126   1.008259
p.ind[129,2]   1.0021126   1.008259
p.ind[13,1]    1.0001543   1.001006
p.ind[13,2]    1.0001543   1.001006
p.ind[130,1]   1.0020895   1.008162
p.ind[130,2]   1.0020895   1.008162
p.ind[131,1]   1.0020895   1.008162
p.ind[131,2]   1.0020895   1.008162
p.ind[132,1]   1.0020871   1.008152
p.ind[132,2]   1.0020871   1.008152
p.ind[133,1]   1.0024482   1.009030
p.ind[133,2]   1.0024482   1.009030
p.ind[134,1]   1.0024219   1.008953
p.ind[134,2]   1.0024219   1.008953
p.ind[135,1]   1.0024167   1.008937
p.ind[135,2]   1.0024167   1.008937
p.ind[136,1]   1.0024167   1.008937
p.ind[136,2]   1.0024167   1.008937
p.ind[137,1]   1.0023882   1.008853
p.ind[137,2]   1.0023882   1.008853
p.ind[138,1]   1.0023841   1.008840
p.ind[138,2]   1.0023841   1.008840
p.ind[139,1]   1.0023799   1.008828
p.ind[139,2]   1.0023799   1.008828
p.ind[14,1]    1.0001573   1.000787
p.ind[14,2]    1.0001573   1.000787
p.ind[140,1]   1.0023691   1.008795
p.ind[140,2]   1.0023691   1.008795
p.ind[141,1]   1.0023386   1.008703
p.ind[141,2]   1.0023386   1.008703
p.ind[142,1]   1.0023155   1.008633
p.ind[142,2]   1.0023155   1.008633
p.ind[143,1]   1.0022822   1.008531
p.ind[143,2]   1.0022822   1.008531
p.ind[144,1]   1.0022822   1.008531
p.ind[144,2]   1.0022822   1.008531
p.ind[145,1]   1.0020537   1.007815
p.ind[145,2]   1.0020537   1.007815
p.ind[146,1]   1.0020455   1.007789
p.ind[146,2]   1.0020455   1.007789
p.ind[147,1]   1.0019687   1.007541
p.ind[147,2]   1.0019687   1.007541
p.ind[148,1]   1.0019511   1.007483
p.ind[148,2]   1.0019511   1.007483
p.ind[149,1]   1.0019196   1.007380
p.ind[149,2]   1.0019196   1.007380
p.ind[15,1]    1.0001592   1.000762
p.ind[15,2]    1.0001592   1.000762
p.ind[150,1]   1.0018407   1.007120
p.ind[150,2]   1.0018407   1.007120
p.ind[151,1]   1.0017248   1.006730
p.ind[151,2]   1.0017248   1.006730
p.ind[152,1]   1.0016853   1.006595
p.ind[152,2]   1.0016853   1.006595
p.ind[153,1]   1.0016753   1.006561
p.ind[153,2]   1.0016753   1.006561
p.ind[154,1]   1.0016454   1.006459
p.ind[154,2]   1.0016454   1.006459
p.ind[155,1]   1.0016255   1.006390
p.ind[155,2]   1.0016255   1.006390
p.ind[156,1]   1.0016054   1.006320
p.ind[156,2]   1.0016054   1.006320
p.ind[157,1]   1.0015804   1.006233
p.ind[157,2]   1.0015804   1.006233
p.ind[158,1]   1.0014303   1.005704
p.ind[158,2]   1.0014303   1.005704
p.ind[159,1]   1.0013319   1.005351
p.ind[159,2]   1.0013319   1.005351
p.ind[16,1]    1.0001673   1.000690
p.ind[16,2]    1.0001673   1.000690
p.ind[160,1]   1.0013126   1.005281
p.ind[160,2]   1.0013126   1.005281
p.ind[161,1]   1.0012132   1.004918
p.ind[161,2]   1.0012132   1.004918
p.ind[162,1]   1.0012039   1.004884
p.ind[162,2]   1.0012039   1.004884
p.ind[163,1]   1.0011628   1.004733
p.ind[163,2]   1.0011628   1.004733
p.ind[164,1]   1.0010836   1.004438
p.ind[164,2]   1.0010836   1.004438
p.ind[165,1]   1.0010581   1.004343
p.ind[165,2]   1.0010581   1.004343
p.ind[166,1]   1.0010331   1.004249
p.ind[166,2]   1.0010331   1.004249
p.ind[167,1]   1.0010005   1.004127
p.ind[167,2]   1.0010005   1.004127
p.ind[168,1]   1.0009728   1.004022
p.ind[168,2]   1.0009728   1.004022
p.ind[169,1]   1.0008625   1.003605
p.ind[169,2]   1.0008625   1.003605
p.ind[17,1]    1.0001679   1.000686
p.ind[17,2]    1.0001679   1.000686
p.ind[170,1]   1.0008388   1.003515
p.ind[170,2]   1.0008388   1.003515
p.ind[171,1]   1.0007406   1.003142
p.ind[171,2]   1.0007406   1.003142
p.ind[172,1]   1.0006850   1.002931
p.ind[172,2]   1.0006850   1.002931
p.ind[173,1]   1.0005084   1.002275
p.ind[173,2]   1.0005084   1.002275
p.ind[174,1]   1.0004617   1.002113
p.ind[174,2]   1.0004617   1.002113
p.ind[175,1]   1.0004558   1.002094
p.ind[175,2]   1.0004558   1.002094
p.ind[176,1]   1.0004408   1.002048
p.ind[176,2]   1.0004408   1.002048
p.ind[177,1]   1.0004356   1.002033
p.ind[177,2]   1.0004356   1.002033
p.ind[178,1]   1.0004346   1.002031
p.ind[178,2]   1.0004346   1.002031
p.ind[179,1]   1.0004295   1.002019
p.ind[179,2]   1.0004295   1.002019
p.ind[18,1]    1.0001830   1.000605
p.ind[18,2]    1.0001830   1.000605
p.ind[180,1]   1.0004264   1.002015
p.ind[180,2]   1.0004264   1.002015
p.ind[181,1]   1.0004262   1.002014
p.ind[181,2]   1.0004262   1.002014
p.ind[19,1]    1.0001830   1.000605
p.ind[19,2]    1.0001830   1.000605
p.ind[2,1]     1.0002894   1.001977
p.ind[2,2]     1.0002894   1.001977
p.ind[20,1]    1.0001853   1.000595
p.ind[20,2]    1.0001853   1.000595
p.ind[21,1]    1.0002338   1.000474
p.ind[21,2]    1.0002338   1.000474
p.ind[22,1]    1.0002338   1.000474
p.ind[22,2]    1.0002338   1.000474
p.ind[23,1]    1.0002457   1.000458
p.ind[23,2]    1.0002457   1.000458
p.ind[24,1]    1.0002626   1.000441
p.ind[24,2]    1.0002626   1.000441
p.ind[25,1]    1.0002816   1.000430
p.ind[25,2]    1.0002816   1.000430
p.ind[26,1]    1.0002832   1.000429
p.ind[26,2]    1.0002832   1.000429
p.ind[27,1]    1.0002965   1.000427
p.ind[27,2]    1.0002965   1.000427
p.ind[28,1]    1.0003100   1.000429
p.ind[28,2]    1.0003100   1.000429
p.ind[29,1]    1.0003182   1.000433
p.ind[29,2]    1.0003182   1.000433
p.ind[3,1]     1.0002894   1.001977
p.ind[3,2]     1.0002894   1.001977
p.ind[30,1]    1.0003367   1.000462
p.ind[30,2]    1.0003367   1.000462
p.ind[31,1]    1.0003400   1.000487
p.ind[31,2]    1.0003400   1.000487
p.ind[32,1]    1.0003388   1.000503
p.ind[32,2]    1.0003388   1.000503
p.ind[33,1]    1.0003370   1.000513
p.ind[33,2]    1.0003370   1.000513
p.ind[34,1]    1.0003343   1.000524
p.ind[34,2]    1.0003343   1.000524
p.ind[35,1]    1.0003332   1.000527
p.ind[35,2]    1.0003332   1.000527
p.ind[36,1]    1.0003322   1.000531
p.ind[36,2]    1.0003322   1.000531
p.ind[37,1]    1.0003278   1.000542
p.ind[37,2]    1.0003278   1.000542
p.ind[38,1]    1.0003263   1.000546
p.ind[38,2]    1.0003263   1.000546
p.ind[39,1]    1.0003245   1.000550
p.ind[39,2]    1.0003245   1.000550
p.ind[4,1]     1.0002491   1.001775
p.ind[4,2]     1.0002491   1.001775
p.ind[40,1]    1.0003245   1.000550
p.ind[40,2]    1.0003245   1.000550
p.ind[41,1]    1.0003031   1.000587
p.ind[41,2]    1.0003031   1.000587
p.ind[42,1]    1.0002784   1.000618
p.ind[42,2]    1.0002784   1.000618
p.ind[43,1]    1.0002680   1.000630
p.ind[43,2]    1.0002680   1.000630
p.ind[44,1]    1.0002680   1.000630
p.ind[44,2]    1.0002680   1.000630
p.ind[45,1]    1.0002586   1.000639
p.ind[45,2]    1.0002586   1.000639
p.ind[46,1]    1.0002381   1.000659
p.ind[46,2]    1.0002381   1.000659
p.ind[47,1]    1.0002222   1.000673
p.ind[47,2]    1.0002222   1.000673
p.ind[48,1]    1.0001406   1.000739
p.ind[48,2]    1.0001406   1.000739
p.ind[49,1]    1.0001253   1.000752
p.ind[49,2]    1.0001253   1.000752
p.ind[5,1]     1.0002424   1.001739
p.ind[5,2]     1.0002424   1.001739
p.ind[50,1]    1.0000544   1.000821
p.ind[50,2]    1.0000544   1.000821
p.ind[51,1]    1.0000073   1.000913
p.ind[51,2]    1.0000073   1.000913
p.ind[52,1]    1.0000042   1.000926
p.ind[52,2]    1.0000042   1.000926
p.ind[53,1]    1.0000004   1.001007
p.ind[53,2]    1.0000004   1.001007
p.ind[54,1]    1.0000043   1.001037
p.ind[54,2]    1.0000043   1.001037
p.ind[55,1]    1.0000052   1.001043
p.ind[55,2]    1.0000052   1.001043
p.ind[56,1]    1.0001568   1.001394
p.ind[56,2]    1.0001568   1.001394
p.ind[57,1]    0.9997785   1.000275
p.ind[57,2]    0.9997785   1.000275
p.ind[58,1]    0.9997405   1.000074
p.ind[58,2]    0.9997405   1.000074
p.ind[59,1]    0.9997394   1.000066
p.ind[59,2]    0.9997394   1.000066
p.ind[6,1]     1.0002381   1.001716
p.ind[6,2]     1.0002381   1.001716
p.ind[60,1]    0.9997381   1.000056
p.ind[60,2]    0.9997381   1.000056
p.ind[61,1]    0.9997371   1.000045
p.ind[61,2]    0.9997371   1.000045
p.ind[62,1]    0.9997367   1.000035
p.ind[62,2]    0.9997367   1.000035
p.ind[63,1]    0.9997367   1.000031
p.ind[63,2]    0.9997367   1.000031
p.ind[64,1]    0.9997370   1.000027
p.ind[64,2]    0.9997370   1.000027
p.ind[65,1]    0.9997372   1.000025
p.ind[65,2]    0.9997372   1.000025
p.ind[66,1]    0.9997377   1.000023
p.ind[66,2]    0.9997377   1.000023
p.ind[67,1]    0.9997392   1.000020
p.ind[67,2]    0.9997392   1.000020
p.ind[68,1]    0.9997396   1.000019
p.ind[68,2]    0.9997396   1.000019
p.ind[69,1]    0.9997398   1.000019
p.ind[69,2]    0.9997398   1.000019
p.ind[7,1]     1.0002202   1.001612
p.ind[7,2]     1.0002202   1.001612
p.ind[70,1]    0.9997420   1.000019
p.ind[70,2]    0.9997420   1.000019
p.ind[71,1]    0.9997425   1.000019
 [ reached getOption("max.print") -- omitted 63 rows ]
